  if 	 while	  for	return	  ;	    elseif	 else	  ( 	  )    function	funcName variable ,	      :	      +	    unary -   - 	  *	      /	      .	      &&	  ||	  =='	  !=	  >	      <	      >=	  <=	  !	      =	   constant	  int	float	string	 bool	  {	      }	      $
(1, 1)	(1, 1)	(1, 1)	(1, 1)	(1, 1)	(0, 0)	(0, 0)	(1, 1)	(0, 0)	(1, 2)	(1, 1)	(1, 1)	(0, 0)	(0, 0)	(0, 0)	(1, 1)	(0,0)	(0, 0)	(0, 0)	(0, 0)	(0, 0)	(0, 0)	(0, 0)	(0, 0)	(0, 0)	(0, 0)	(0, 0)	(0, 0)	(1, 1)	(0, 0)	(1, 1)	(1, 1)	(1, 1)	(1, 1)	(1, 1)	(1, 1)	(0, 0)	(0, 0)
(1, 3)	(1, 3)	(1, 3)	(1, 3)	(1, 3)	(0, 0)	(0, 0)	(1, 3)	(0, 0)	(1, 4)	(1, 3)	(1, 3)	(0, 0)	(0, 0)	(0, 0)	(1, 3)	(0,0)	(0, 0)	(0, 0)	(0, 0)	(0, 0)	(0, 0)	(0, 0)	(0, 0)	(0, 0)	(0, 0)	(0, 0)	(0, 0)	(1, 3)	(0, 0)	(1, 3)	(1, 3)	(1, 3)	(1, 3)	(1, 3)	(1, 3)	(0, 0)	(1, 5)
(2, 1)	(2, 2)	(2, 3)	(2, 6)	(2, 7)	(0, 0)	(0, 0)	(2, 4)	(0, 0)	(0, 0)	(2, 4)	(2, 4)	(0, 0)	(0, 0)	(0, 0)	(2, 4)	(0,0)	(0, 0)	(0, 0)	(0, 0)	(0, 0)	(0, 0)	(0, 0)	(0, 0)	(0, 0)	(0, 0)	(0, 0)	(0, 0)	(2, 4)	(0, 0)	(2, 4)	(2, 4)	(2, 4)	(2, 4)	(2, 4)	(2, 5)	(0, 0)	(0, 0)
(2, 10)	(2, 10)	(2, 10)	(2, 10)	(2, 10)	(2, 8)	(2, 9)	(2, 10)	(0, 0)	(2, 10)	(2, 10)	(2, 10)	(0, 0)	(0, 0)	(0, 0)	(2, 10)	(0,0)	(0, 0)	(0, 0)	(0, 0)	(0, 0)	(0, 0)	(0, 0)	(0, 0)	(0, 0)	(0, 0)	(0, 0)	(0, 0)	(2, 10)	(0, 0)	(2, 10)	(2, 10)	(2, 10)	(2, 10)	(2, 10)	(2, 10)	(0, 0)	(2, 10)
(0, 0)	(0, 0)	(0, 0)	(0, 0)	(0, 0)	(0, 0)	(0, 0)	(2, 12)	(0, 0)	(0, 0)	(2, 12)	(2, 12)	(0, 0)	(0, 0)	(0, 0)	(2, 12)	(0,0)	(0, 0)	(0, 0)	(0, 0)	(0, 0)	(0, 0)	(0, 0)	(0, 0)	(0, 0)	(0, 0)	(0, 0)	(0, 0)	(2, 12)	(0, 0)	(2, 12)	(2, 11)	(2, 11)	(2, 11)	(2, 11)	(0, 0)	(0, 0)	(0, 0)
(0, 0)	(0, 0)	(0, 0)	(0, 0)	(2, 14)	(0, 0)	(0, 0)	(2, 13)	(0, 0)	(0, 0)	(2, 13)	(2, 13)	(0, 0)	(0, 0)	(0, 0)	(2, 13)	(0,0)	(0, 0)	(0, 0)	(0, 0)	(0, 0)	(0, 0)	(0, 0)	(0, 0)	(0, 0)	(0, 0)	(0, 0)	(0, 0)	(2, 13)	(0, 0)	(2, 13)	(0, 0)	(0, 0)	(0, 0)	(0, 0)	(0, 0)	(0, 0)	(0, 0)
(0, 0)	(0, 0)	(0, 0)	(0, 0)	(0, 0)	(0, 0)	(0, 0)	(0, 0)	(0, 0)	(3, 1)	(0, 0)	(0, 0)	(0, 0)	(0, 0)	(0, 0)	(0, 0)	(0,0)	(0, 0)	(0, 0)	(0, 0)	(0, 0)	(0, 0)	(0, 0)	(0, 0)	(0, 0)	(0, 0)	(0, 0)	(0, 0)	(0, 0)	(0, 0)	(0, 0)	(0, 0)	(0, 0)	(0, 0)	(0, 0)	(0, 0)	(0, 0)	(0, 0)
(0, 0)	(0, 0)	(0, 0)	(0, 0)	(0, 0)	(0, 0)	(0, 0)	(0, 0)	(3, 3)	(0, 0)	(0, 0)	(0, 0)	(0, 0)	(0, 0)	(0, 0)	(0, 0)	(0,0)	(0, 0)	(0, 0)	(0, 0)	(0, 0)	(0, 0)	(0, 0)	(0, 0)	(0, 0)	(0, 0)	(0, 0)	(0, 0)	(0, 0)	(0, 0)	(0, 0)	(3, 2)	(3, 2)	(3, 2)	(3, 2)	(0, 0)	(0, 0)	(0, 0)
(0, 0)	(0, 0)	(0, 0)	(0, 0)	(0, 0)	(0, 0)	(0, 0)	(0, 0)	(3, 5)	(0, 0)	(0, 0)	(0, 0)	(3, 2)	(0, 0)	(0, 0)	(0, 0)	(0,0)	(0, 0)	(0, 0)	(0, 0)	(0, 0)	(0, 0)	(0, 0)	(0, 0)	(0, 0)	(0, 0)	(0, 0)	(0, 0)	(0, 0)	(0, 0)	(0, 0)	(0, 0)	(0, 0)	(0, 0)	(0, 0)	(0, 0)	(0, 0)	(0, 0)
(0, 0)	(0, 0)	(0, 0)	(0, 0)	(0, 0)	(0, 0)	(0, 0)	(0, 0)	(0, 0)	(0, 0)	(4, 19)	(0, 0)	(0, 0)	(0, 0)	(0, 0)	(0, 0)	(0,0)	(0, 0)	(0, 0)	(0, 0)	(0, 0)	(0, 0)	(0, 0)	(0, 0)	(0, 0)	(0, 0)	(0, 0)	(0, 0)	(0, 0)	(0, 0)	(0, 0)	(0, 0)	(0, 0)	(0, 0)	(0, 0)	(0, 0)	(0, 0)	(0, 0)
(0, 0)	(0, 0)	(0, 0)	(0, 0)	(0, 0)	(0, 0)	(0, 0)	(4, 21)	(4, 22)	(0, 0)	(4, 21)	(4, 21)	(0, 0)	(0, 0)	(0, 0)	(4, 21)	(0,0)	(0, 0)	(0, 0)	(0, 0)	(0, 0)	(0, 0)	(0, 0)	(0, 0)	(0, 0)	(0, 0)	(0, 0)	(0, 0)	(4, 21)	(0, 0)	(4, 21)	(0, 0)	(0, 0)	(0, 0)	(0, 0)	(0, 0)	(0, 0)	(0, 0)
(0, 0)	(0, 0)	(0, 0)	(0, 0)	(0, 0)	(0, 0)	(0, 0)	(0, 0)	(4, 24)	(0, 0)	(0, 0)	(0, 0)	(4, 23)	(0, 0)	(0, 0)	(0, 0)	(0,0)	(0, 0)	(0, 0)	(0, 0)	(0, 0)	(0, 0)	(0, 0)	(0, 0)	(0, 0)	(0, 0)	(0, 0)	(0, 0)	(0, 0)	(0, 0)	(0, 0)	(0, 0)	(0, 0)	(0, 0)	(0, 0)	(0, 0)	(0, 0)	(0, 0)
(5, 2)	(5, 2)	(5, 2)	(5, 2)	(5, 2)	(0, 0)	(0, 0)	(5, 2)	(0, 0)	(0, 0)	(5, 2)	(5, 2)	(0, 0)	(0, 0)	(0, 0)	(5, 2)	(0,0)	(0, 0)	(0, 0)	(0, 0)	(0, 0)	(0, 0)	(0, 0)	(0, 0)	(0, 0)	(0, 0)	(0, 0)	(0, 0)	(5, 2)	(0, 0)	(5, 2)	(5, 2)	(5, 2)	(5, 2)	(5, 2)	(5, 1)	(0, 0)	(0, 0)
(5, 3)	(5, 3)	(5, 3)	(5, 3)	(5, 3)	(0, 0)	(0, 0)	(5, 3)	(0, 0)	(0, 0)	(5, 3)	(5, 3)	(0, 0)	(0, 0)	(0, 0)	(5, 3)	(0,0)	(0, 0)	(0, 0)	(0, 0)	(0, 0)	(0, 0)	(0, 0)	(0, 0)	(0, 0)	(0, 0)	(0, 0)	(0, 0)	(5, 3)	(0, 0)	(5, 3)	(5, 3)	(5, 3)	(5, 3)	(5, 3)	(5, 3)	(5, 4)	(0, 0)
(0, 0)	(0, 0)	(0, 0)	(0, 0)	(0, 0)	(0, 0)	(0, 0)	(0, 0)	(0, 0)	(0, 0)	(0, 0)	(0, 0)	(0, 0)	(0, 0)	(0, 0)	(0, 0)	(0,0)	(0, 0)	(0, 0)	(0, 0)	(0, 0)	(0, 0)	(0, 0)	(0, 0)	(0, 0)	(0, 0)	(0, 0)	(0, 0)	(0, 0)	(0, 0)	(0, 0)	(6, 1)	(6, 1)	(6, 1)	(6, 1)	(6, 2)	(0, 0)	(0, 0)
(0, 0)	(0, 0)	(0, 0)	(0, 0)	(0, 0)	(0, 0)	(0, 0)	(0, 0)	(0, 0)	(0, 0)	(0, 0)	(0, 0)	(0, 0)	(0, 0)	(0, 0)	(0, 0)	(0,0)	(0, 0)	(0, 0)	(0, 0)	(0, 0)	(0, 0)	(0, 0)	(0, 0)	(0, 0)	(0, 0)	(0, 0)	(0, 0)	(0, 0)	(0, 0)	(0, 0)	(6, 3)	(6, 4)	(6, 5)	(6, 6)	(0, 0)	(0, 0)	(0, 0)
